x_hat_0,x_hat_1,x_hat_2,x_hat_3,x_hat_4,x_hat_5
0.098105,0.0072865,-0.010831,0,0,0
0.0990836,0.00347322,-0.00516037,-0.000783293,0.000876598,-0.001202
0.0994061,0.00218544,-0.0032439,0.000191343,-0.000714735,0.00106142
0.0995759,0.0014914,-0.00220733,-0.000600285,0.000216213,-0.000136303
0.0996876,0.00103006,-0.00151788,0.000363752,-0.00130305,0.00193041
0.0997698,0.000691999,-0.00100977,-0.000451184,-0.000251048,0.000633473
0.0998336,0.000434772,-0.000623762,0.000488618,-0.00165667,0.00244287
0.0998845,0.000238811,-0.000326813,-0.000333889,-0.000475779,0.0010509
0.0995489,0.000665913,-0.000745953,-0.00978399,0.0140438,-0.0150637
0.0987252,0.00153549,-0.00223255,-0.0163781,0.0150189,-0.0316377
0.097683,0.0022736,-0.00387346,-0.022143,0.0170873,-0.0307289
0.0969809,0.00272408,-0.00486139,-0.0149334,0.012706,-0.0261198
0.0967906,0.0029229,-0.00486367,-0.013293,0.0135119,-0.0109356
0.0968541,0.00259633,-0.00442245,-0.00926597,-0.000376896,-0.0137388
0.097161,0.00167988,-0.00171597,-0.00597768,-0.00529997,0.0549445
0.0976063,0.000878418,0.0110711,-0.00303181,-0.00415477,0.283659
0.0981698,0.000351019,0.0409868,0.000688211,-0.00378258,0.619483
0.09868,-0.000197082,0.0837873,-0.000239671,-0.00863628,0.855882
0.0990415,-0.000843711,0.14213,0.00042365,-0.0104976,1.35564
0.0994338,-0.00130299,0.21418,0.00328178,-0.00821562,1.65146
0.0998673,-0.00144648,0.296106,0.00442171,-0.00518247,2.14227
0.100231,-0.0011839,0.3815,0.00452734,0.00185198,2.33115
0.100567,-0.000653868,0.447035,0.00629811,0.00402528,2.2088
0.100918,-0.000155367,0.499448,0.00733303,0.00482579,2.43649
0.101251,0.000245076,0.543092,0.00831317,0.00494362,2.33775
0.101531,0.000277287,0.555615,0.0082692,-0.00231178,1.8954
0.101714,-1.2837e-05,0.548627,0.00765037,-0.00358256,1.8903
0.101786,-0.00024865,0.533001,0.00653484,-0.00291014,1.60509
0.101753,-0.00039776,0.490872,0.0053203,-0.0029102,1.05484
0.101273,-0.000629153,0.432127,-0.00584072,-0.00620221,0.85043
0.100401,-0.000936732,0.363841,-0.00873902,-0.00662058,0.375045
0.0997713,-0.00108649,0.275782,-0.00548942,-0.00410689,-0.173547
0.0994269,-0.00104558,0.181693,-0.00547289,-0.00251193,-0.415901
0.0994107,-0.00115792,0.0938225,0.000958898,-0.00796682,-0.674484
0.0997602,-0.00140074,0.00684939,0.00432564,-0.00684425,-1.0163
0.100797,-0.0016725,-0.0783719,0.0220691,-0.0104732,-1.24492
0.104016,-0.00219079,-0.159155,0.0708255,-0.0154531,-1.50118
0.111485,-0.00316907,-0.229532,0.160117,-0.0266168,-1.53632
0.128135,-0.00470107,-0.281108,0.372653,-0.037401,-1.49109
0.157331,-0.00662805,-0.312457,0.618266,-0.0481919,-1.35407
0.202779,-0.00928211,-0.3232,1.02026,-0.0707772,-1.15499
0.259742,-0.0109094,-0.321707,1.25279,-0.039201,-1.09856
0.317043,-0.0115709,-0.316931,1.43366,-0.0561497,-1.05526
0.381583,-0.0139456,-0.309466,1.8555,-0.0903143,-0.991681
0.453904,-0.0178743,-0.299198,2.10243,-0.115107,-0.926232
0.513301,-0.0197327,-0.288263,2.01842,-0.0620904,-0.900672
0.566311,-0.0200592,-0.277942,2.35075,-0.086783,-0.865223
0.610933,-0.0210765,-0.267196,2.16725,-0.0831214,-0.815869
0.644643,-0.0213569,-0.255396,2.37166,-0.07403,-0.760367
0.674957,-0.0171264,-0.24223,2.31434,0.0371165,-0.695108
0.67883,-0.00714833,-0.227072,1.87029,0.111722,-0.612967
0.666059,0.00769652,-0.210429,1.89082,0.239786,-0.547272
0.647576,0.0296878,-0.192816,1.62487,0.410689,-0.468605
0.610231,0.0577376,-0.175808,1.24856,0.559985,-0.438686
0.566443,0.095098,-0.159318,1.1853,0.861984,-0.361953
0.520705,0.144925,-0.141565,0.885011,1.16285,-0.287437
0.458057,0.199678,-0.123803,0.402585,1.349,-0.23577
0.393399,0.257521,-0.108268,0.386035,1.63508,-0.221736
0.333084,0.320897,-0.0962102,0.0614866,1.90931,-0.21975
0.259338,0.377776,-0.0872007,-0.405832,1.90874,-0.218779
0.181206,0.430467,-0.0807685,-0.580624,2.1994,-0.225658
0.10872,0.479412,-0.0775525,-0.807244,2.18109,-0.260284
0.0339469,0.504898,-0.0759929,-1.15688,1.91106,-0.247721
-0.0387649,0.517056,-0.0741304,-1.28194,2.00078,-0.241008
-0.104218,0.513965,-0.0715546,-1.47612,1.58417,-0.215179
-0.162476,0.496326,-0.0696953,-1.55139,1.58465,-0.242147
-0.2106,0.47032,-0.067739,-1.6149,1.23229,-0.199356
-0.249683,0.417615,-0.0629741,-1.64788,0.676744,-0.152168
-0.279148,0.349754,-0.0564004,-1.63158,0.447649,-0.116539
-0.299367,0.275863,-0.0488017,-1.60645,0.0318721,-0.0777512
-0.310747,0.185061,-0.0393628,-1.53554,-0.534838,-0.0127623
-0.313833,0.0822763,-0.027562,-1.46246,-0.937087,0.0532178
-0.30961,-0.0262687,-0.015614,-1.35938,-1.4202,0.0749558
-0.298756,-0.136142,-0.00666873,-1.25285,-1.74323,0.0566323
-0.283073,-0.246715,-0.00121658,-1.15152,-2.21876,0.0437788
-0.263949,-0.356856,0.00201852,-1.04835,-2.51607,0.0352453
-0.243078,-0.463087,0.00409392,-0.968482,-2.89431,0.0353102
-0.221068,-0.562114,0.00491505,-0.869381,-3.0746,0.0159863
-0.198826,-0.643993,0.00441649,-0.806055,-3.13231,0.00537885
-0.178725,-0.720068,0.00343258,-0.769558,-3.49832,-0.00070167
-0.160054,-0.79495,0.0017682,-0.702188,-3.63974,-0.0200402
-0.140191,-0.848791,-0.00103284,-0.604792,-3.45953,-0.043309
-0.121597,-0.893919,-0.00385831,-0.595633,-3.78566,-0.0405761
-0.106936,-0.928892,-0.00580976,-0.579428,-3.50459,-0.0396752
-0.0966725,-0.955552,-0.00717092,-0.610751,-3.80856,-0.038428
-0.0919946,-0.985089,-0.00810077,-0.657952,-3.7717,-0.0376466
-0.095231,-0.987076,-0.00874907,-0.792003,-3.27166,-0.0373969
-0.112665,-0.975731,-0.00893491,-1.06561,-3.42458,-0.0297158
-0.142135,-0.967762,-0.00804928,-1.24179,-3.28261,-0.00968384
-0.171625,-0.938176,-0.00636862,-1.27529,-2.78233,-0.00189045
-0.208238,-0.902223,-0.00409906,-1.64402,-2.90018,0.0181975
-0.253055,-0.856247,-0.000838198,-1.75735,-2.25564,0.0410725
-0.304448,-0.804872,0.00238724,-2.14021,-2.4277,0.0403746
-0.364001,-0.766497,0.00364221,-2.34309,-2.24333,0.0105672
-0.425451,-0.71955,0.00262098,-2.61414,-1.9232,-0.0123951
-0.478253,-0.649389,0.000467058,-2.5448,-1.28121,-0.0273694
-0.527846,-0.581009,-0.00210654,-2.90184,-1.47364,-0.0390491
-0.568316,-0.51862,-0.00483846,-2.64947,-0.958334,-0.0499198
-0.60427,-0.456326,-0.00709023,-3.06662,-1.03357,-0.0454231
-0.636058,-0.391303,-0.00835371,-2.7917,-0.442386,-0.0391187
-0.664892,-0.329315,-0.0086864,-3.21215,-0.654456,-0.0291679
-0.703047,-0.284733,-0.00866544,-3.24883,-0.474179,-0.031897
-0.716194,-0.222936,-0.00973586,-2.80528,0.128315,-0.0585904
-0.720055,-0.153357,-0.0119705,-3.09048,0.175152,-0.0710372
-0.726148,-0.0914393,-0.01343,-2.89317,0.41441,-0.0534433
-0.696977,-0.0182814,-0.0139274,-2.1782,0.919035,-0.055323
-0.649403,0.0583775,-0.0152944,-2.1876,1.02835,-0.0805349
-0.597874,0.130454,-0.0178981,-1.73344,1.3388,-0.098534
-0.51721,0.20569,-0.0196373,-1.0326,1.62535,-0.0755834
-0.429326,0.270729,-0.0198556,-0.965457,1.59635,-0.0696639
-0.33174,0.329326,-0.0206113,-0.146161,1.91225,-0.0916939
-0.224106,0.383249,-0.0282365,-0.00079976,1.88549,-0.261157
-0.128601,0.422177,-0.0476169,0.288914,1.88855,-0.464309
-0.0257777,0.455004,-0.0748645,0.875116,1.99641,-0.611829
0.0794746,0.480841,-0.105816,1.08429,1.93204,-0.757994
0.180104,0.498261,-0.134586,1.49667,1.95169,-0.772346
0.281032,0.511791,-0.151461,1.80635,1.95022,-0.639815
0.368077,0.517719,-0.159458,1.83666,1.84173,-0.651519
0.439526,0.516777,-0.163636,2.00137,1.80614,-0.593102
0.505026,0.514187,-0.164159,2.18239,1.79038,-0.582115
0.555336,0.50523,-0.17112,2.05458,1.61525,-0.771246
0.588423,0.489234,-0.18262,2.07266,1.53608,-0.754522
0.617084,0.473706,-0.183371,2.16943,1.51446,-0.561575
0.639326,0.457503,-0.17712,2.10211,1.40761,-0.570132
0.651121,0.437546,-0.170714,2.04416,1.29778,-0.513001
0.657435,0.417329,-0.159249,2.0373,1.25896,-0.387631
0.657949,0.397762,-0.147834,1.93181,1.17195,-0.433
0.652779,0.37885,-0.136696,1.88694,1.13788,-0.31413
0.642502,0.359596,-0.12577,1.75675,1.02848,-0.359745
0.626465,0.339239,-0.118263,1.65794,0.971399,-0.32923
0.607753,0.320793,-0.107414,1.57048,0.935813,-0.21591
0.585555,0.303246,-0.0962055,1.43073,0.864871,-0.242537
0.560703,0.284514,-0.0818294,1.34108,0.779196,-0.050548
0.535964,0.267357,-0.0512506,1.25744,0.774656,0.298485
0.510358,0.254042,-0.003155,1.14206,0.76156,0.641042
0.484152,0.242688,0.0566186,1.0595,0.733296,0.956158
0.458377,0.229546,0.111858,0.96781,0.632569,0.942288
0.433213,0.214048,0.149889,0.893156,0.576208,0.881847
0.409991,0.199078,0.17037,0.841881,0.536919,0.736613
0.389513,0.185517,0.176033,0.80274,0.508165,0.625642
0.369314,0.171757,0.174573,0.704168,0.435305,0.583812
0.349859,0.158223,0.170132,0.679549,0.41665,0.534505
0.333156,0.146583,0.163686,0.640709,0.3906,0.497972
0.317306,0.135488,0.156392,0.58416,0.348845,0.465818
0.300933,0.122943,0.149144,0.514056,0.272575,0.447443
0.287898,0.110461,0.142301,0.558449,0.26154,0.425356
0.284907,0.101426,0.135647,0.69369,0.277419,0.404042
0.293533,0.0957194,0.129104,0.852016,0.287601,0.381128
0.311247,0.087884,0.124545,1.00114,0.179255,0.411373
0.33745,0.0764303,0.120465,1.20771,0.133969,0.361757
0.377434,0.0620165,0.114243,1.56044,0.0177822,0.324406
0.429454,0.0415787,0.10598,1.81754,-0.131525,0.262282
0.475969,0.0166616,0.0969871,1.78038,-0.248596,0.246022
0.521486,-0.0135888,0.0880439,2.12054,-0.45283,0.199813
0.566508,-0.0471408,0.0782808,2.08992,-0.55269,0.160352
0.618234,-0.0868614,0.0692914,2.62164,-0.858031,0.151505
0.662705,-0.12609,0.0613683,2.26036,-0.821191,0.125462
0.685186,-0.154244,0.0523245,2.34134,-0.836296,0.0649199
0.716496,-0.176951,0.042199,2.65909,-0.873365,0.0319859
0.752499,-0.190534,0.0333611,2.69067,-0.750186,0.0279641
0.768087,-0.189129,0.0279204,2.36138,-0.563664,0.0613268
0.777538,-0.173781,0.0244428,2.63498,-0.362391,0.0425506
0.781126,-0.141624,0.020435,2.26959,0.000663549,0.022285
0.778742,-0.095653,0.0164915,2.49862,0.240062,0.0158569
0.780846,-0.0447793,0.0142351,2.37428,0.459688,0.040018
0.758566,0.014137,0.0130191,1.85287,0.818944,0.0280366
0.726956,0.0848479,0.0115561,1.96339,1.1973,0.0246972
0.701033,0.161633,0.0106501,1.78267,1.48523,0.0327493
0.659293,0.230899,0.0107912,1.35089,1.5384,0.0466385
0.618186,0.299437,0.0109255,1.50367,1.95696,0.0335687
0.587891,0.376567,0.00966174,1.35219,2.25752,0.00970899
0.543733,0.444979,0.00796792,0.913056,2.26797,0.0129495
0.50352,0.504779,0.00834517,1.14579,2.5096,0.0538071
0.478429,0.56496,0.00906296,1.03746,2.7026,0.0248531
0.440652,0.612586,0.00754699,0.624038,2.5964,-0.00162408
0.406387,0.654414,0.00434659,0.86458,2.88345,-0.0315435
0.374745,0.683588,0.00019562,0.451983,2.5503,-0.050088
0.341166,0.699422,-0.00431954,0.587587,2.72899,-0.0708638
0.310423,0.710279,-0.00796328,0.290571,2.52782,-0.0585129
0.254948,0.692114,-0.00931912,-0.300659,2.01964,-0.0347262
0.190069,0.66085,-0.00927764,-0.357852,2.04403,-0.0302719
0.12404,0.627406,-0.0110617,-0.792173,1.73872,-0.0838946
0.0394988,0.570726,-0.0146723,-1.32792,1.17718,-0.0924223
-0.0445922,0.505143,-0.0167353,-1.37983,1.0953,-0.0675805
-0.120127,0.433797,-0.0156018,-1.69273,0.555712,-0.0204498
-0.188941,0.355438,-0.0118113,-1.73369,0.399048,0.0124557
-0.247273,0.276724,-0.000957262,-1.89696,-0.00987943,0.197833
-0.303156,0.184357,0.0229914,-2.08122,-0.529381,0.444273
-0.349494,0.0890422,0.0634811,-2.03486,-0.745135,0.815938
-0.383428,-0.00162315,0.122289,-2.07389,-1.07969,1.2279
-0.411774,-0.0912894,0.191327,-2.12421,-1.36136,1.51037
-0.430773,-0.170485,0.269138,-2.02179,-1.4322,1.95548
-0.438272,-0.234334,0.353085,-1.94739,-1.50745,2.22871
-0.439046,-0.285784,0.424129,-1.89279,-1.54928,2.20152
-0.432503,-0.323533,0.485066,-1.75462,-1.50126,2.45892
-0.419745,-0.351092,0.538071,-1.67797,-1.54103,2.41895
-0.405313,-0.373391,0.561896,-1.61876,-1.55428,2.04438
-0.387493,-0.387135,0.565487,-1.48375,-1.46747,2.03974
-0.36514,-0.390611,0.556246,-1.3695,-1.37356,1.72219
-0.342894,-0.388774,0.518831,-1.32806,-1.34818,1.21078
-0.321185,-0.38387,0.464686,-1.2262,-1.27741,1.00342
-0.297892,-0.373606,0.392901,-1.1311,-1.16815,0.348647
-0.272699,-0.358004,0.304288,-1.00947,-1.05997,0.0381119
-0.247751,-0.341426,0.215201,-0.958979,-1.03101,-0.292936
-0.224685,-0.323812,0.122312,-0.883425,-0.914267,-0.696989
-0.200204,-0.29952,0.0299895,-0.757006,-0.725082,-0.936686
-0.173415,-0.266177,-0.057749,-0.647184,-0.496674,-1.22783
-0.147792,-0.2288,-0.139312,-0.598531,-0.3792,-1.3919
-0.122595,-0.184561,-0.207546,-0.476893,-0.0455439,-1.4454
-0.0947355,-0.122956,-0.258731,-0.347635,0.405251,-1.41408
-0.0661159,-0.0476402,-0.291294,-0.258619,0.763035,-1.304
-0.0385784,0.0340673,-0.305101,-0.173887,1.11283,-1.13693
-0.0121161,0.119433,-0.305528,-0.0923674,1.44188,-1.03942
0.0118929,0.199145,-0.300222,-0.0526002,1.56537,-0.984639
0.0350265,0.278616,-0.291779,0.0542632,2.00091,-0.916775
0.0535342,0.346221,-0.281267,-0.0137989,1.80773,-0.868668
0.0662068,0.40222,-0.270552,0.0274774,2.16615,-0.836673
0.0753867,0.461629,-0.259999,-0.0185197,2.29744,-0.797058
0.0750247,0.502308,-0.248102,-0.165928,2.08018,-0.72535
0.062923,0.531726,-0.233935,-0.339178,2.28093,-0.651168
0.0383889,0.560763,-0.218441,-0.588655,2.27861,-0.58885
0.00187162,0.570837,-0.202584,-0.837943,1.97313,-0.531398
-0.0470488,0.577566,-0.186408,-1.18382,2.25946,-0.467719
-0.103638,0.57754,-0.169723,-1.39284,1.83784,-0.402815
-0.169073,0.571985,-0.154248,-1.82501,2.10946,-0.382137
-0.245912,0.576264,-0.142234,-2.16614,2.06489,-0.38677
-0.318771,0.563326,-0.133278,-2.26236,1.67333,-0.379768
-0.390146,0.548636,-0.124505,-2.64286,1.92564,-0.328162
-0.463885,0.545756,-0.115853,-2.83288,1.88906,-0.320819
-0.520867,0.52729,-0.109613,-2.71199,1.48292,-0.332108
-0.570792,0.509471,-0.106438,-3.046,1.77555,-0.359621
-0.622658,0.500179,-0.103188,-3.11882,1.58753,-0.307517
-0.651755,0.465955,-0.0979502,-2.79707,1.03409,-0.282721
-0.671301,0.424083,-0.0926109,-3.06647,1.13747,-0.267596
-0.68105,0.373308,-0.0870502,-2.67033,0.495776,-0.238839
-0.685108,0.312954,-0.0804617,-2.98143,0.517656,-0.200291
-0.693908,0.255303,-0.0739732,-2.82759,0.140766,-0.194803
-0.673874,0.175472,-0.0682985,-2.26261,-0.492341,-0.176304
-0.641338,0.0900903,-0.0635042,-2.34671,-0.57608,-0.178393
-0.601975,0.00461032,-0.0583134,-1.84676,-1.10081,-0.131541
-0.552969,-0.082528,-0.0525601,-1.80615,-1.22752,-0.126325
-0.499802,-0.165043,-0.0473019,-1.3863,-1.59382,-0.104133
-0.419792,-0.257213,-0.0409731,-0.701582,-2.07459,-0.0600073
-0.339157,-0.350521,-0.0325437,-0.801677,-2.27863,-0.00231235
-0.266266,-0.441411,-0.0229186,-0.33929,-2.67113,0.0321998
-0.171162,-0.536078,-0.0142589,0.317405,-3.02584,0.0398217
-0.0702799,-0.628447,-0.0070491,0.492039,-3.28057,0.0543593
0.0188296,-0.713208,-0.00176528,0.714221,-3.47508,0.038792
0.115327,-0.785884,0.00129064,1.32447,-3.55456,0.0314839
0.217543,-0.849499,0.00320474,1.55386,-3.74521,0.0295367
0.314933,-0.902472,0.00365982,1.91898,-3.71758,0.00553258
0.398978,-0.949151,0.00282491,1.88326,-3.95053,-0.00218727
0.469433,-0.993624,0.00155424,2.1471,-3.98901,-0.0121983
0.539825,-1.02071,-0.000333434,2.38143,-3.79506,-0.0279209
0.603172,-1.04095,-0.00273821,2.45568,-3.99561,-0.0396031
0.65263,-1.06423,-0.0059798,2.45456,-4.02102,-0.0676574
0.692868,-1.07055,-0.00891488,2.55681,-3.70132,-0.0542981
0.730154,-1.07061,-0.010329,2.66004,-3.89623,-0.047273
0.76257,-1.07594,-0.011358,2.68942,-3.84433,-0.0538954
0.782822,-1.06512,-0.0131343,2.56046,-3.49661,-0.0748229
0.796718,-1.05232,-0.0150393,2.66089,-3.71404,-0.069986
0.811582,-1.04733,-0.0157276,2.68528,-3.61721,-0.0553706
0.818515,-1.0238,-0.0149142,2.55148,-3.17635,-0.0341834
0.819886,-1.00162,-0.0138753,2.58375,-3.48693,-0.043487
0.820495,-0.990639,-0.0154925,2.54057,-3.32235,-0.0987817
0.809901,-0.953196,-0.0190933,2.28453,-2.69202,-0.108707
0.790412,-0.905368,-0.0218573,2.22438,-2.77528,-0.101659
0.760228,-0.845463,-0.0230976,1.85649,-2.02544,-0.0870305
0.720134,-0.764568,-0.0241087,1.74167,-1.78152,-0.10425
0.676709,-0.67111,-0.0249659,1.48176,-1.11106,-0.0900355
0.626534,-0.557278,-0.0246776,1.25066,-0.566375,-0.0792935
0.569223,-0.42735,-0.0236037,0.932413,0.132753,-0.0667034
0.509023,-0.293236,-0.0212733,0.765735,0.468932,-0.0376298
0.446483,-0.159045,-0.019357,0.441868,1.0864,-0.0613894
0.384266,-0.0351172,-0.0252316,0.330753,1.14299,-0.235129
0.328687,0.0632866,-0.0462507,0.180277,1.27412,-0.513417
0.274327,0.152249,-0.0808649,-0.030563,1.5854,-0.752628
0.22342,0.230186,-0.125973,-0.111885,1.60658,-1.04336
0.178886,0.291684,-0.172041,-0.219071,1.69298,-1.09869
0.137584,0.345681,-0.201187,-0.340287,1.83966,-0.911699
0.10056,0.390651,-0.213451,-0.396222,1.83154,-0.848088
0.0680346,0.427095,-0.212591,-0.481095,1.92772,-0.64313
0.0401981,0.45514,-0.20502,-0.499949,1.86254,-0.660134
0.0179308,0.472975,-0.198111,-0.527701,1.85007,-0.607334
-0.000542525,0.486081,-0.185893,-0.555147,1.86096,-0.467291
-0.0152122,0.49324,-0.172902,-0.555714,1.78191,-0.499666
-0.025481,0.49394,-0.163196,-0.539989,1.73676,-0.464151
-0.0318774,0.490992,-0.150313,-0.523652,1.68803,-0.344717
-0.0354128,0.483102,-0.137789,-0.507852,1.58193,-0.382443
-0.0366772,0.469713,-0.126213,-0.487206,1.48305,-0.281559
-0.0354811,0.454362,-0.10478,-0.450152,1.43376,-0.0332418
-0.0317881,0.437456,-0.0698634,-0.411068,1.332,0.235876
-0.0264002,0.416763,-0.0178403,-0.378024,1.21121,0.678003
-0.0200803,0.392642,0.0461064,-0.347586,1.0923,0.928071
-0.0132462,0.368525,0.10236,-0.31925,1.04016,0.923272
-0.00615672,0.345908,0.139349,-0.292177,0.961845,0.805235
0.00100621,0.322791,0.157478,-0.266957,0.866122,0.674695
0.00808898,0.299061,0.16259,-0.243526,0.781198,0.581187
0.0153996,0.276513,0.160818,-0.210529,0.729794,0.524433
0.0229064,0.255586,0.155743,-0.186341,0.665129,0.479102