x_hat_0,x_hat_1,x_hat_2,x_hat_3,x_hat_4,x_hat_5
0.098105,0.0072865,-0.010831,0,0,0
-0.00846112,0.00855099,0.0249271,-0.00906431,0.000107555,0.00304152
0.0420531,-0.0217434,0.0344416,0.00253555,-0.00609727,0.00371718
0.0539893,0.0183066,0.0208119,0.00830904,0.0101336,-0.000702218
0.0105375,0.000924924,-0.00655129,-0.0189387,0.00026984,-0.0185162
0.00830432,-0.0458095,-0.0224713,-0.0185586,-0.0350967,-0.0275131
-0.00873282,-0.0168364,0.0104192,-0.031989,-0.00752387,0.00024404
0.00822882,-0.0330259,-0.00530643,-0.0137997,-0.0222375,-0.012201
-0.039672,0.00832148,-0.0512649,-0.0567768,0.0180904,-0.054106
-0.00828422,-0.0264737,-0.0348817,-0.0317269,-0.00244967,-0.0488278
-0.0138934,-0.00050451,0.0152298,-0.0403257,0.0227223,-0.0141991
-0.0201236,0.0345476,-0.0232693,-0.0483675,0.0549502,-0.0481501
-0.0558649,0.0424537,0.00200167,-0.0709206,0.0546249,-0.0193767
-0.0427732,-0.0156575,0.0291652,-0.0534618,0.00117904,0.0175324
-0.00370609,-0.0125744,0.0251996,-0.0132438,-0.00752783,0.00906255
-0.0358804,-0.0215544,0.0584285,-0.0373459,-0.0183196,0.0953946
-0.030525,-0.0242254,0.0851952,-0.0282155,-0.0179336,0.311709
-0.0495263,-0.0375372,0.0859157,-0.0389636,-0.0270937,0.59151
-0.0868254,-0.0480475,0.181075,-0.0674272,-0.0378787,0.852572
-0.084568,-0.0239059,0.261533,-0.0604492,-0.0177032,1.32604
-0.0748964,-0.0502848,0.425,-0.0461624,-0.0356551,1.67233
-0.0498373,-0.0665339,0.595097,-0.0223077,-0.0436063,2.18828
-0.123665,-0.104754,0.859705,-0.0780238,-0.0644682,2.49967
-0.0513372,-0.084735,1.11522,-0.0150269,-0.0427866,2.52681
-0.0346757,-0.124738,1.41904,-6.10733e-05,-0.0699107,2.90494
-0.0313551,-0.134795,1.7116,0.00363687,-0.0726287,2.97416
-0.0321711,-0.118281,2.02511,0.00309544,-0.061309,2.75801
-0.0315141,-0.105573,2.34432,0.00325423,-0.048579,2.93851
-0.0946763,-0.0888885,2.58301,-0.0453303,-0.0321127,2.79782
-0.0783708,-0.0455608,2.80331,-0.0305745,0.00270009,2.41197
-0.0692571,-0.0744886,3.07886,-0.0310339,-0.0222993,2.38042
-0.0577369,-0.109771,3.32105,-0.0226881,-0.0479249,2.07387
-0.0365266,-0.131485,3.48927,-0.00244187,-0.0590717,1.64788
-0.00461608,-0.133274,3.66815,0.0215568,-0.0552825,1.50276
0.0224458,-0.101799,3.83232,0.0458519,-0.0329618,1.32159
-0.00790719,-0.0795225,3.96335,0.0228856,-0.0133975,1.03499
0.0110216,-0.0389163,3.97321,0.0511362,0.0143673,0.755447
0.0189959,-0.0516728,4.01933,0.0970026,-0.000992388,0.478959
0.0412658,-0.0685807,4.05362,0.187475,-0.0240257,0.388119
0.0202041,-0.0800193,4.0745,0.350528,-0.0414416,0.351221
0.0542635,-0.108284,4.10241,0.57942,-0.0707196,0.394599
0.162452,-0.109352,4.07366,0.994953,-0.0885721,0.444187
0.255374,-0.126921,4.02089,1.23703,-0.0708306,0.348797
0.368619,-0.123405,4.06507,1.44646,-0.0808835,0.321991
0.475604,-0.149455,4.103,1.86178,-0.127878,0.311709
0.672373,-0.150885,4.08466,2.18101,-0.146085,0.264109
0.933848,-0.136348,4.11806,2.25313,-0.0839026,0.226229
1.1836,-0.166741,4.10341,2.68612,-0.127123,0.166026
1.44903,-0.178307,4.10855,2.66347,-0.128952,0.139252
1.74923,-0.185084,4.12407,3.01359,-0.122424,0.130139
2.0727,-0.186704,4.12166,3.13695,-0.0227329,0.119809
2.34949,-0.21174,4.16766,2.88172,0.023319,0.164545
2.65856,-0.252228,4.16042,3.06883,0.104699,0.1561
2.96521,-0.215846,4.18298,2.98806,0.280404,0.18587
3.26757,-0.163386,4.16122,2.80483,0.444059,0.142119
3.54951,-0.156228,4.14272,2.88071,0.704426,0.148309
3.87702,-0.0618045,4.12748,2.76868,1.0231,0.158729
4.1156,0.0399068,4.16054,2.42475,1.2388,0.188792
4.35764,0.191939,4.17112,2.49661,1.578,0.170938
4.58403,0.329491,4.21232,2.27,1.88807,0.169484
4.73906,0.47488,4.19754,1.86395,1.95743,0.12755
4.93474,0.728105,4.19071,1.75172,2.36824,0.0890446
5.08033,1.01471,4.20075,1.54764,2.51906,0.0423456
5.22076,1.26868,4.17106,1.22898,2.42239,0.0105241
5.3293,1.54363,4.15311,1.08628,2.66362,-0.0150551
5.35848,1.79887,4.14687,0.818516,2.4328,-0.0129326
5.41901,2.05138,4.19033,0.681973,2.57413,-0.0193412
5.48326,2.36584,4.18561,0.556396,2.43924,-0.000158192
5.47312,2.63633,4.18101,0.401133,2.09156,0.0227671
5.47347,2.87412,4.13158,0.300122,2.01094,0.00215543
5.48652,3.04175,4.09606,0.218346,1.70372,-0.00216811
5.44906,3.16282,4.09449,0.141509,1.22992,0.0441441
5.39203,3.28722,4.10333,0.0563925,0.909501,0.0987327
5.34873,3.35241,4.10008,0.014329,0.470734,0.104933
5.34557,3.30121,4.12706,0.0105946,0.0881392,0.100531
5.29625,3.30904,4.17136,-0.0282205,-0.383119,0.115389
5.28132,3.23142,4.24622,-0.0326796,-0.757205,0.156581
5.23314,3.1229,4.2396,-0.077064,-1.22441,0.142123
5.23342,2.94379,4.21597,-0.0604206,-1.56386,0.0992712
5.18353,2.81636,4.22852,-0.108277,-1.75442,0.0937791
5.12197,2.5807,4.25235,-0.180273,-2.29889,0.100779
5.07505,2.31265,4.22478,-0.205292,-2.65308,0.0570173
5.00035,1.9121,4.24487,-0.218621,-2.81523,0.0477044
5.00781,1.60047,4.2614,-0.242111,-3.35102,0.0583209
4.985,1.24038,4.2556,-0.277077,-3.36704,0.0494946
4.93647,0.879622,4.29553,-0.367839,-3.89755,0.0753975
4.84245,0.447616,4.24994,-0.499185,-4.15605,0.0350744
4.76725,-0.00326105,4.27531,-0.683946,-4.00888,0.0498391
4.68664,-0.417091,4.31982,-0.985792,-4.40921,0.084318
4.60367,-0.942376,4.32177,-1.19124,-4.60752,0.0956517
4.42226,-1.38158,4.30765,-1.33917,-4.40968,0.083976
4.23999,-1.86817,4.28996,-1.77792,-4.78973,0.0816386
4.03689,-2.30764,4.32285,-1.99107,-4.43525,0.120405
3.8137,-2.78973,4.24894,-2.45131,-4.83467,0.0570859
3.52995,-3.2719,4.28431,-2.78319,-4.88834,0.0545824
3.23663,-3.78973,4.29863,-3.17356,-4.83599,0.0422419
2.88659,-4.21583,4.34902,-3.29632,-4.42235,0.0641107
2.55144,-4.67864,4.36866,-3.78213,-4.77372,0.0638213
2.13902,-5.09751,4.38707,-3.77239,-4.43853,0.0626901
1.71712,-5.53594,4.37894,-4.3611,-4.63956,0.0546671
1.29528,-5.99772,4.38083,-4.31567,-4.24972,0.0559365
0.806827,-6.46072,4.35797,-4.93459,-4.57115,0.0417359
0.284591,-6.86662,4.32982,-5.21225,-4.4767,0.0135204
-0.213112,-7.29301,4.36251,-5.03832,-4.02224,0.0115261
-0.74592,-7.66795,4.32686,-5.53703,-4.02696,-0.0294796
-1.33785,-8.03268,4.36378,-5.62812,-3.84192,0.0122319
-1.87451,-8.38442,4.38299,-5.21477,-3.41174,0.0208678
-2.40592,-8.65129,4.35829,-5.44421,-3.27303,-0.0244706
-2.92799,-8.96059,4.32899,-5.23605,-2.98356,-0.0645346
-3.40441,-9.17776,4.3582,-4.7744,-2.64799,-0.0230105
-3.86906,-9.3881,4.36861,-4.86564,-2.58914,-0.0131782
-4.29952,-9.55166,4.39708,-4.24826,-2.18565,-0.0150116
-4.6992,-9.73105,4.33251,-4.21041,-2.10655,-0.216192
-5.12297,-9.91384,4.2814,-4.04526,-2.00027,-0.427638
-5.44793,-10.0757,4.24946,-3.53556,-1.78671,-0.56853
-5.82154,-10.2004,4.17811,-3.39978,-1.70352,-0.735422
-6.12813,-10.2778,4.09035,-3.02288,-1.51343,-0.795426
-6.34466,-10.3918,3.9828,-2.66982,-1.37865,-0.742352
-6.55973,-10.4253,3.94933,-2.56206,-1.2846,-0.764855
-6.74416,-10.4954,3.91375,-2.3051,-1.16096,-0.727406
-6.89723,-10.5821,3.82698,-2.01251,-1.04132,-0.772075
-7.09826,-10.6554,3.74655,-2.03226,-1.0605,-0.984678
-7.24609,-10.7475,3.66326,-1.87635,-1.01267,-1.00878
-7.35851,-10.767,3.55412,-1.62935,-0.867454,-0.897461
-7.45885,-10.8048,3.45574,-1.52746,-0.823511,-0.959391
-7.57895,-10.8655,3.30461,-1.43626,-0.806925,-0.997916
-7.6842,-10.9262,3.18512,-1.29419,-0.73434,-0.948199
-7.78144,-10.9502,3.05435,-1.24135,-0.68579,-1.05608
-7.85138,-10.9917,2.92236,-1.12017,-0.611924,-1.01218
-7.98298,-10.9961,2.83336,-1.12977,-0.58528,-1.07964
-8.01303,-11.0201,2.73759,-1.03936,-0.53437,-1.07967
-8.03868,-11.0261,2.66421,-0.94623,-0.458964,-0.988411
-8.06168,-11.0438,2.60389,-0.908035,-0.432262,-1.01264
-8.14423,-11.0429,2.47718,-0.879102,-0.410727,-0.891317
-8.19748,-11.0558,2.4153,-0.830779,-0.334259,-0.586009
-8.2208,-11.065,2.37927,-0.796938,-0.270785,-0.276324
-8.23751,-11.0782,2.39339,-0.738015,-0.230349,0.0400734
-8.25311,-11.1014,2.39445,-0.696174,-0.266258,0.0522131
-8.28048,-11.0981,2.40763,-0.656986,-0.244947,0.0409609
-8.28526,-11.1455,2.41762,-0.588655,-0.251607,-0.0408831
-8.31723,-11.2102,2.4115,-0.539437,-0.264709,-0.0981378
-8.37268,-11.1736,2.47895,-0.567471,-0.242911,-0.0368235
-8.43442,-11.1944,2.50779,-0.53853,-0.22138,-0.0159926
-8.43992,-11.1245,2.53155,-0.48581,-0.142729,0.00925319
-8.4536,-11.1482,2.51807,-0.461845,-0.155555,0.00710375
-8.48904,-11.1508,2.5158,-0.471348,-0.184672,0.023754
-8.49255,-11.1243,2.54999,-0.359828,-0.136301,0.0616911
-8.48334,-11.1533,2.53518,-0.167991,-0.111331,0.0596079
-8.53212,-11.1482,2.55422,-0.0102459,-0.0688354,0.0800238
-8.50527,-11.1278,2.59962,0.189493,-0.122712,0.163919
-8.45339,-11.1895,2.61368,0.450585,-0.182047,0.148363
-8.39329,-11.159,2.64737,0.836728,-0.233665,0.157719
-8.32967,-11.1449,2.68461,1.12851,-0.327555,0.145634
-8.19282,-11.2061,2.7355,1.21028,-0.449188,0.182335
-8.05359,-11.2059,2.74182,1.62715,-0.599674,0.155161
-7.88604,-11.325,2.74501,1.72515,-0.746124,0.131064
-7.65064,-11.4275,2.73964,2.36841,-1.05836,0.126725
-7.37998,-11.5525,2.76454,2.22845,-1.07798,0.128471
-7.13116,-11.64,2.73653,2.4715,-1.12001,0.0584855
-6.81529,-11.7829,2.73317,2.96152,-1.225,0.0332443
-6.47081,-11.8491,2.7438,3.19947,-1.1294,0.0432418
-6.14589,-11.995,2.72534,3.09659,-1.04437,0.062087
-5.77884,-12.0693,2.75642,3.55867,-0.895214,0.0704952
-5.44709,-12.1798,2.76887,3.4084,-0.634808,0.0621976
-5.04427,-12.2316,2.81049,3.83774,-0.444958,0.0873472
-4.6626,-12.2917,2.78722,3.91559,-0.279319,0.0884374
-4.26292,-12.2773,2.8932,3.65109,0.0659513,0.154241
-3.89974,-12.2198,2.90826,3.91937,0.45336,0.154919
-3.53374,-12.1712,2.89329,3.91236,0.747313,0.142818
-3.12972,-12.0884,2.88707,3.70612,0.859055,0.143175
-2.76061,-11.9767,2.90855,3.98649,1.31868,0.140775
-2.4211,-11.8334,2.93218,3.95422,1.68637,0.130463
-2.05467,-11.6433,3.00047,3.68372,1.82792,0.177365
-1.6299,-11.4151,2.97906,4.04994,2.20342,0.186941
-1.25854,-11.089,2.99518,4.04917,2.59858,0.163345
-0.863755,-10.8135,3.04317,3.79176,2.68023,0.166933
-0.499378,-10.531,3.00542,4.08975,3.11347,0.102524
-0.15218,-10.1989,3.02176,3.77942,3.02201,0.0917478
0.256439,-9.87599,3.05008,4.00478,3.3787,0.0876518
0.654679,-9.46712,3.06015,3.82379,3.44774,0.0981669
0.987934,-9.12928,3.07611,3.33759,3.18784,0.122
1.29511,-8.74635,3.1228,3.31394,3.435,0.150369
1.57091,-8.39604,3.15971,2.92503,3.34662,0.118604
1.79258,-8.11985,3.14573,2.4139,2.97274,0.0893564
2.01643,-7.81846,3.14268,2.33992,3.0447,0.098774
2.21078,-7.5614,3.12378,2.00427,2.66397,0.115373
2.38047,-7.30025,3.12615,1.89323,2.62664,0.135252
2.47219,-7.04664,3.16108,1.61143,2.34841,0.313255
2.55407,-6.84274,3.2018,1.30992,1.93403,0.542316
2.67994,-6.68466,3.2551,1.25128,1.75522,0.883751
2.74068,-6.57768,3.36854,1.06577,1.42579,1.29591
2.81539,-6.4686,3.49068,0.886729,1.14513,1.59036
2.83392,-6.36537,3.71156,0.80618,1.04385,2.09837
2.80678,-6.33486,3.96705,0.670818,0.876345,2.46817
2.83949,-6.25193,4.24535,0.571836,0.776289,2.58545
2.92389,-6.18189,4.53014,0.592316,0.74268,2.96144
2.95478,-6.11536,4.81268,0.520945,0.625902,3.06422
2.92987,-6.06605,5.12588,0.400901,0.522,2.89751
2.93614,-6.06069,5.38249,0.382284,0.476071,3.02235
2.93649,-6.05747,5.67925,0.347667,0.43699,2.89446
2.98968,-6.03259,5.95572,0.296699,0.357541,2.58267
2.99024,-6.01943,6.25555,0.267463,0.315295,2.56109
3.0017,-5.99309,6.49317,0.247897,0.321608,2.08861
2.99457,-5.97155,6.69247,0.244714,0.326613,1.898
2.93438,-5.98208,6.83959,0.146077,0.242306,1.6426
2.92094,-6.01152,6.96794,0.116162,0.230004,1.30517
2.94038,-6.02888,7.08812,0.162761,0.296221,1.10571
2.92837,-6.05968,7.21072,0.174561,0.389855,0.856252
2.91192,-6.0137,7.27585,0.135027,0.446766,0.672126
2.93272,-5.99887,7.26921,0.195333,0.674938,0.527029
2.91047,-5.94601,7.27521,0.232562,1.03243,0.462945
2.94216,-5.81412,7.33589,0.279251,1.3616,0.504899
2.89489,-5.72655,7.41055,0.266542,1.64768,0.600816
2.91475,-5.53552,7.4274,0.308194,1.99367,0.58653
2.88979,-5.3376,7.44728,0.282873,2.16135,0.539531
2.99542,-5.13565,7.46343,0.420513,2.61074,0.506259
2.98895,-4.82289,7.50826,0.317383,2.58161,0.481904
2.98116,-4.54678,7.49259,0.318255,3.0199,0.402504
3.00309,-4.16492,7.5238,0.267492,3.32402,0.372531
2.99672,-3.8609,7.52364,0.110716,3.25592,0.351845
2.98205,-3.5695,7.54792,-0.0670111,3.55341,0.356249
2.9987,-3.22202,7.53375,-0.281448,3.70294,0.324944
2.94298,-2.82014,7.54344,-0.543858,3.6217,0.313036
2.86758,-2.42545,7.53851,-0.89876,4.05687,0.300194
2.79225,-2.06978,7.55679,-1.12393,3.8179,0.31051
2.6807,-1.68421,7.60452,-1.57039,4.21898,0.307262
2.50117,-1.27045,7.61416,-1.97633,4.34013,0.256588
2.24732,-0.851179,7.63253,-2.2145,4.15244,0.228046
2.03872,-0.446666,7.67597,-2.66678,4.52293,0.26098
1.78281,-0.00888409,7.71429,-2.97553,4.64143,0.251402
1.44043,0.467342,7.74408,-3.07099,4.45493,0.221351
1.10904,0.894295,7.71872,-3.55911,4.84778,0.138768
0.703834,1.38428,7.76365,-3.85449,4.84107,0.184227
0.285632,1.81839,7.75909,-3.80334,4.46728,0.167144
-0.123669,2.22522,7.79224,-4.2677,4.65974,0.172201
-0.599564,2.64833,7.85477,-4.17399,4.19153,0.212012
-1.05124,3.06048,7.85958,-4.68457,4.30967,0.216103
-1.56746,3.48375,7.91368,-4.8067,4.06789,0.229489
-2.02417,3.83638,7.92872,-4.51393,3.54812,0.225442
-2.52811,4.15111,7.95379,-4.83303,3.49288,0.212372
-3.02016,4.46357,7.93507,-4.60465,3.03616,0.211268
-3.47037,4.68682,7.93872,-4.74846,2.86935,0.192062
-3.88926,4.88848,7.96478,-4.51695,2.46998,0.206873
-4.31154,5.08039,7.96804,-4.0545,1.96911,0.224223
-4.68006,5.26385,7.99057,-4.24675,1.71449,0.268564
-5.13057,5.36,8.05104,-3.98107,1.22667,0.320334
-5.47117,5.39711,8.06678,-3.45998,0.738307,0.313864
-5.86244,5.3952,8.07639,-3.40747,0.319042,0.310945
-6.14953,5.35769,8.06599,-3.21854,-0.0660347,0.268333
-6.43011,5.3024,8.08164,-2.67741,-0.355439,0.255935
-6.63361,5.21036,8.10987,-2.42249,-0.764365,0.258868
-6.77281,5.06957,8.13737,-1.9959,-1.00472,0.24198
-6.91609,4.86092,8.1873,-1.93005,-1.51713,0.256943
-7.00899,4.66408,8.22379,-1.55401,-1.82753,0.258579
-7.1198,4.37886,8.2321,-1.22586,-1.98723,0.233654
-7.14681,4.13434,8.24328,-0.981628,-2.45364,0.215506
-7.21999,3.8023,8.24137,-0.842305,-2.80717,0.173796
-7.24601,3.47665,8.24454,-0.577814,-2.83348,0.17403
-7.26616,3.13727,8.27739,-0.317169,-3.31587,0.19056
-7.23162,2.7156,8.25685,-0.0898754,-3.61387,0.15401
-7.16722,2.33054,8.25593,0.0114484,-3.60469,0.121703
-7.0362,1.96083,8.30274,0.35847,-4.07322,0.149174
-6.95833,1.51665,8.381,0.57982,-4.29137,0.206625
-6.88721,1.09328,8.40428,0.645283,-4.17463,0.225065
-6.75337,0.619252,8.45852,0.897935,-4.75193,0.239108
-6.59108,0.0755585,8.46091,1.08938,-4.92662,0.173115
-6.44119,-0.415597,8.4574,1.07107,-4.63652,0.145775
-6.26869,-0.896562,8.49441,1.23672,-4.96779,0.164642
-6.1607,-1.39099,8.47238,1.06836,-4.54827,0.144458
-6.01309,-1.83687,8.48636,1.15166,-4.54185,0.124591
-5.86518,-2.26502,8.49074,1.09325,-4.12981,0.126023
-5.70817,-2.64285,8.43318,1.0589,-3.79072,0.0781631
-5.62813,-3.0523,8.48098,0.880226,-3.33338,0.114037
-5.53787,-3.36049,8.42335,0.838964,-3.11554,0.0836675
-5.46981,-3.60118,8.39651,0.632584,-2.58596,0.0328228
-5.34371,-3.87976,8.36261,0.653932,-2.57916,-0.151695
-5.27028,-4.13621,8.28169,0.587311,-2.4685,-0.454761
-5.20873,-4.35041,8.23961,0.451108,-2.15629,-0.682551
-5.18535,-4.47261,8.18593,0.396323,-2.03048,-0.959032
-5.15091,-4.61755,8.04784,0.320595,-1.85903,-1.08597
-5.14402,-4.74641,7.96063,0.207537,-1.62206,-0.962426
-5.14424,-4.85674,7.81783,0.144909,-1.51132,-0.998868
-5.18558,-4.96033,7.70968,0.0230222,-1.30378,-0.883845
-5.18426,-5.05486,7.64522,-0.00789246,-1.23721,-0.935222
-5.16421,-5.1215,7.60216,-0.0356837,-1.10428,-0.904845
-5.16653,-5.14939,7.55217,-0.0823588,-0.927978,-0.802947
-5.16546,-5.15111,7.46978,-0.103405,-0.82054,-0.879024
-5.16389,-5.20312,7.41909,-0.110898,-0.728211,-0.865002
-5.21656,-5.27073,7.31862,-0.159337,-0.657544,-0.813095
-5.23433,-5.30571,7.21515,-0.179763,-0.619007,-0.900684
-5.27469,-5.37012,7.08391,-0.21176,-0.601878,-0.879861
-5.27012,-5.43455,7.02402,-0.193508,-0.546357,-0.673932
-5.29118,-5.41628,6.94392,-0.192999,-0.482412,-0.470688
-5.30899,-5.41485,6.94868,-0.194084,-0.456718,-0.055126
-5.35104,-5.36723,6.98508,-0.213995,-0.402252,0.204015
-5.36899,-5.37851,6.97647,-0.214802,-0.34298,0.203598
-5.37771,-5.3728,7.02155,-0.208106,-0.303052,0.153437
-5.4068,-5.35962,7.0179,-0.217015,-0.280761,0.0636108
-5.47622,-5.40159,7.06895,-0.255335,-0.297295,0.0540778
-5.47785,-5.44099,7.0641,-0.230442,-0.286911,0.0349937