x_hat_0,x_hat_1,x_hat_2,x_hat_3,x_hat_4,x_hat_5
0.098105,0.0072865,-0.010831,0,0,0
-0.00865132,0.00855325,0.0249909,-0.0110566,0.000131195,0.00371002
0.0421719,-0.0220176,0.0346335,0.00307105,-0.00738714,0.00449686
0.054437,0.0188984,0.0207387,0.00997734,0.0121537,-0.000832814
0.00928186,0.000908773,-0.00775909,-0.0223935,0.000340792,-0.021907
0.00685334,-0.0484255,-0.0246307,-0.0214381,-0.0406592,-0.0317772
-0.0112686,-0.0175154,0.0104527,-0.0361557,-0.0083831,0.000297029
0.00704861,-0.0347794,-0.00635737,-0.0150252,-0.0245123,-0.0132934
-0.0440803,0.00964549,-0.0554299,-0.0610575,0.0197916,-0.0582963
-0.0101703,-0.0274486,-0.0376601,-0.0344165,-0.000245009,-0.0535841
-0.016139,0.000631856,0.0154849,-0.0437358,0.0262718,-0.0194466
-0.022778,0.0379416,-0.0259134,-0.052233,0.0591156,-0.0539679
-0.0603857,0.0460823,0.000658438,-0.0727395,0.0569164,-0.0234425
-0.0461286,-0.0153293,0.0292617,-0.0537927,0.00291611,0.0164975
-0.00474669,-0.0122059,0.0251189,-0.0124458,-0.00849888,0.00717187
-0.0381154,-0.0219035,0.0606597,-0.0353176,-0.0200417,0.106373
-0.0320972,-0.0248985,0.0927171,-0.0253117,-0.0191559,0.366756
-0.0514664,-0.0388484,0.103407,-0.0347074,-0.0277272,0.711315
-0.0898075,-0.0498131,0.21661,-0.062231,-0.0388959,1.01392
-0.0869427,-0.024754,0.319223,-0.0545679,-0.0191727,1.57918
-0.0763972,-0.0521951,0.512043,-0.03946,-0.0359489,1.97191
-0.0499284,-0.0689122,0.713967,-0.0156324,-0.0425784,2.56943
-0.12624,-0.108233,1.01384,-0.0699773,-0.0608281,2.89659
-0.0506606,-0.0868892,1.29554,-0.00737841,-0.0383415,2.87402
-0.0330961,-0.127921,1.6213,0.00729346,-0.064201,3.26928
-0.0294836,-0.137797,1.93092,0.0107244,-0.0660352,3.28839
-0.0302373,-0.120195,2.25005,0.00973341,-0.0557232,2.95257
-0.0295267,-0.10672,2.56734,0.00931862,-0.0429905,3.10108
-0.0951604,-0.0891586,2.79738,-0.0391302,-0.0263726,2.87417
-0.0781038,-0.043974,2.99875,-0.0246167,0.00793636,2.35193
-0.068709,-0.074063,3.2519,-0.0273908,-0.0178638,2.25605
-0.0569744,-0.110744,3.46736,-0.0198019,-0.0433777,1.83456
-0.0351164,-0.133179,3.59952,0.000728296,-0.0536434,1.28394
-0.00210795,-0.13477,3.74171,0.0240797,-0.0491812,1.08037
0.0258566,-0.101828,3.87191,0.0487667,-0.0279201,0.841942
-0.00586464,-0.0786054,3.96906,0.0258124,-0.00838343,0.485878
0.013974,-0.0364288,3.94201,0.05691,0.0180292,0.16457
0.023118,-0.0500015,3.95577,0.111637,0.00105578,-0.154631
0.0485656,-0.0680485,3.96229,0.218656,-0.0245872,-0.240244
0.0320202,-0.0805547,3.96276,0.422351,-0.0443045,-0.253145
0.0771191,-0.110652,3.97873,0.697253,-0.0755629,-0.165853
0.204641,-0.112592,3.94377,1.18752,-0.0975295,-0.0591279
0.319476,-0.131291,3.88878,1.46737,-0.0729317,-0.125352
0.454624,-0.12763,3.93641,1.70143,-0.0858062,-0.125791
0.584816,-0.155334,3.97869,2.1866,-0.138883,-0.106441
0.810147,-0.157858,3.96354,2.53718,-0.161074,-0.12462
1.09689,-0.142988,4.0027,2.5711,-0.0874276,-0.141733
1.36777,-0.174372,3.9917,3.04614,-0.13472,-0.17985
1.65075,-0.186326,4.0016,2.96002,-0.134788,-0.182339
1.96489,-0.193001,4.02278,3.32241,-0.125432,-0.166761
2.30093,-0.192712,4.02578,3.40396,-0.00278538,-0.151293
2.578,-0.214836,4.07989,3.02948,0.0584992,-0.0784952
2.88223,-0.251383,4.07894,3.19106,0.165421,-0.0632728
3.1815,-0.20547,4.10931,3.02844,0.374212,-0.00823622
3.46937,-0.141074,4.09318,2.7432,0.564927,-0.0373196
3.73372,-0.121065,4.08026,2.782,0.881077,-0.00768816
4.04498,-0.00633448,4.07116,2.58768,1.25286,0.0250403
4.25781,0.116819,4.11231,2.1282,1.49579,0.0718806
4.47411,0.292455,4.12908,2.18125,1.8791,0.0623138
4.6763,0.453817,4.17636,1.87745,2.22765,0.0659228
4.80017,0.619897,4.16413,1.36986,2.27796,0.0283408
4.96585,0.895681,4.15929,1.21884,2.7252,-0.00750789
5.08242,1.20357,4.17091,0.969324,2.8476,-0.0572336
5.19389,1.46788,4.14061,0.584513,2.67056,-0.0826019
5.27403,1.74839,4.12279,0.424261,2.90259,-0.102754
5.27531,2.00222,4.11755,0.128781,2.56142,-0.0914354
5.31308,2.2476,4.16382,-0.00841259,2.67679,-0.099584
5.35941,2.55422,4.15988,-0.129957,2.44644,-0.0685716
5.33247,2.80536,4.15709,-0.273005,1.96492,-0.0331765
5.32087,3.01729,4.10826,-0.350184,1.81899,-0.0436945
5.32662,3.15456,4.07438,-0.405359,1.41305,-0.0372438
5.28359,3.23824,4.07658,-0.445798,0.815465,0.0247589
5.22381,3.32238,4.09038,-0.49358,0.409699,0.0945669
5.18153,3.34424,4.09151,-0.492245,-0.124883,0.106514
5.18384,3.24615,4.12294,-0.452541,-0.564996,0.0992978
5.14001,3.21125,4.171,-0.449848,-1.11814,0.111813
5.13346,3.08942,4.24987,-0.413453,-1.53275,0.150781
5.09299,2.93887,4.24322,-0.422777,-2.05101,0.135465
5.10347,2.71945,4.21842,-0.36851,-2.39657,0.088156
5.06175,2.56198,4.23088,-0.38718,-2.5646,0.0801664
5.00717,2.29564,4.25489,-0.436193,-3.14444,0.0855349
4.96743,1.9979,4.22514,-0.432878,-3.48508,0.0377064
4.89925,1.57162,4.24472,-0.412706,-3.56592,0.0238115
4.91625,1.24299,4.2606,-0.421436,-4.11883,0.0350505
4.90019,0.869096,4.25355,-0.44142,-4.02882,0.0265843
4.85575,0.49897,4.29437,-0.527372,-4.56908,0.0528604
4.76206,0.0550159,4.24624,-0.657123,-4.76773,0.012967
4.68544,-0.397374,4.27225,-0.857262,-4.46787,0.0282594
4.59848,-0.805372,4.3183,-1.20153,-4.84677,0.0644249
4.5053,-1.32977,4.3203,-1.42864,-4.96497,0.0796941
4.31027,-1.75588,4.30586,-1.56806,-4.61681,0.0695934
4.1127,-2.22857,4.28795,-2.06306,-4.97221,0.0714538
3.89154,-2.64823,4.32308,-2.27887,-4.44318,0.114822
3.64825,-3.11023,4.24697,-2.79296,-4.83426,0.0515563
3.34028,-3.57678,4.28413,-3.13951,-4.81033,0.0435092
3.02312,-4.07721,4.2985,-3.55493,-4.65561,0.0268086
2.65145,-4.47382,4.35001,-3.63186,-4.079,0.0457005
2.29787,-4.90973,4.36925,-4.15458,-4.43807,0.0428834
1.86842,-5.30241,4.3871,-4.05777,-3.9725,0.0393803
1.43209,-5.71596,4.37749,-4.69126,-4.16476,0.0321902
0.998625,-6.15332,4.37871,-4.55064,-3.63612,0.0348264
0.498064,-6.59346,4.35452,-5.21195,-3.98227,0.0229239
-0.0396237,-6.98071,4.32506,-5.4531,-3.83631,-0.00519435
-0.541508,-7.38363,4.35866,-5.14603,-3.24917,-0.0118336
-1.07565,-7.73082,4.32068,-5.65731,-3.23588,-0.054504
-1.67119,-8.07093,4.35866,-5.66402,-2.99766,-0.00840043
-2.1957,-8.39435,4.37847,-5.06421,-2.465,0.00043096
-2.70788,-8.6292,4.35223,-5.25472,-2.30705,-0.0492757
-3.20885,-8.91112,4.32086,-4.91778,-1.96198,-0.0918536
-3.65212,-9.09713,4.35084,-4.28252,-1.57956,-0.0446207
-4.08121,-9.28104,4.36172,-4.33178,-1.54067,-0.0327462
-4.47211,-9.41984,4.39118,-3.52735,-1.09153,-0.0383334
-4.82849,-9.57811,4.3213,-3.44311,-1.03833,-0.272211
-5.21553,-9.7464,4.26159,-3.20765,-0.95387,-0.521635
-5.49825,-9.89602,4.21948,-2.57382,-0.742654,-0.687903
-5.83223,-10.0103,4.13552,-2.39478,-0.69755,-0.878308
-6.09945,-10.0792,4.03584,-1.93892,-0.529882,-0.933833
-6.27433,-10.1885,3.92038,-1.53292,-0.422579,-0.845787
-6.45436,-10.2174,3.88566,-1.43298,-0.377941,-0.861846
-6.6096,-10.2877,3.85025,-1.1609,-0.289403,-0.804213
-6.73577,-10.3763,3.76292,-0.853617,-0.200665,-0.838353
-6.91869,-10.4538,3.68011,-0.922965,-0.281931,-1.08008
-7.05339,-10.5536,3.59295,-0.788958,-0.275882,-1.09166
-7.1538,-10.578,3.48294,-0.549735,-0.160106,-0.932559
-7.2449,-10.6219,3.38683,-0.489737,-0.162017,-0.987232
-7.36118,-10.6913,3.23597,-0.439124,-0.190758,-1.00537
-7.46463,-10.7609,3.1201,-0.327548,-0.148006,-0.921792
-7.56238,-10.7922,2.99258,-0.324763,-0.137851,-1.03028
-7.63425,-10.8416,2.86383,-0.24116,-0.0908099,-0.954392
-7.77258,-10.8525,2.77988,-0.304519,-0.10513,-1.02329
-7.80743,-10.8845,2.68764,-0.260598,-0.0838016,-1.0101
-7.83903,-10.8971,2.61991,-0.211122,-0.0328102,-0.889906
-7.86946,-10.9217,2.56575,-0.226242,-0.0367602,-0.914185
-7.96311,-10.9276,2.44341,-0.239306,-0.0479324,-0.749993
-8.02627,-10.9473,2.3942,-0.23029,0.0128642,-0.371921
-8.05866,-10.9618,2.37762,-0.240885,0.0596704,0.0065661
-8.08454,-10.9799,2.41659,-0.218756,0.0810754,0.382917
-8.10926,-11.0092,2.43934,-0.214483,0.0125065,0.386178
-8.14613,-11.0117,2.4677,-0.208336,0.0109122,0.354755
-8.15888,-11.0668,2.48583,-0.16737,-0.0142635,0.234695
-8.19909,-11.1392,2.48148,-0.142153,-0.0425097,0.145849
-8.2637,-11.1061,2.55094,-0.204832,-0.0439083,0.189196
-8.33451,-11.1327,2.57879,-0.19438,-0.0342303,0.190351
-8.34572,-11.0641,2.60043,-0.162054,0.0313246,0.198661
-8.36521,-11.0931,2.58285,-0.161376,0.00252791,0.180948
-8.40758,-11.1005,2.57694,-0.196016,-0.0487004,0.18544
-8.4155,-11.0777,2.60912,-0.0860907,-0.0089295,0.210845
-8.40674,-11.1114,2.59025,0.122276,0.0132778,0.196833
-8.45447,-11.1084,2.60671,0.300928,0.0523032,0.205532
-8.42046,-11.0903,2.65126,0.519095,-0.028472,0.28845
-8.3579,-11.1589,2.66322,0.808657,-0.101277,0.256095
-8.28259,-11.1324,2.6948,1.25043,-0.179698,0.25145
-8.20021,-11.125,2.72931,1.57631,-0.306352,0.220725
-8.04451,-11.1975,2.7777,1.63106,-0.45298,0.248219
-7.88775,-11.2075,2.77965,2.09399,-0.644349,0.206291
-7.70276,-11.3425,2.77811,2.16163,-0.808918,0.169533
-7.44588,-11.4617,2.76806,2.8842,-1.17779,0.159393
-7.15623,-11.6034,2.79003,2.64229,-1.18327,0.152434
-6.89841,-11.7013,2.7566,2.87046,-1.22002,0.0675359
-6.56867,-11.8544,2.74867,3.39111,-1.32287,0.0337542
-6.20876,-11.9238,2.75595,3.6002,-1.1925,0.041507
-5.87776,-12.0707,2.73426,3.39535,-1.06019,0.0659888
-5.50604,-12.1379,2.76499,3.87542,-0.861562,0.0697897
-5.1741,-12.2369,2.77611,3.61521,-0.521003,0.0566228
-4.77102,-12.2702,2.81764,4.05363,-0.27803,0.0796449
-4.38917,-12.311,2.79215,4.0697,-0.065831,0.084825
-3.9979,-12.272,2.90165,3.66522,0.350766,0.147196
-3.64833,-12.185,2.91612,3.92167,0.809228,0.145717
-3.29396,-12.1064,2.89947,3.84628,1.15196,0.133973
-2.90574,-11.9961,2.89236,3.52372,1.26194,0.136154
-2.55366,-11.8573,2.91412,3.80685,1.78926,0.130275
-2.22847,-11.6839,2.9376,3.71849,2.19706,0.114314
-1.88001,-11.4663,3.00738,3.33707,2.3171,0.160741
-1.4692,-11.2137,2.98435,3.72865,2.71405,0.177296
-1.10861,-10.8605,3.00059,3.68618,3.11721,0.14694
-0.728082,-10.5662,3.0492,3.32807,3.14409,0.144202
-0.377822,-10.268,3.00789,3.65793,3.59915,0.0730942
-0.0443001,-9.92389,3.02274,3.25073,3.404,0.0583988
0.352728,-9.59531,3.04999,3.49055,3.75857,0.0500539
0.740065,-9.17998,3.05858,3.23872,3.74874,0.0630445
1.05117,-8.8499,3.07416,2.62562,3.34934,0.0916954
1.33245,-8.47797,3.12221,2.58535,3.56504,0.120813
1.58153,-8.14116,3.15933,2.10798,3.38088,0.0779729
1.76873,-7.88988,3.14277,1.49277,2.86334,0.0468976
1.95973,-7.61511,3.13825,1.41598,2.89144,0.0615133
2.1244,-7.38802,3.11845,1.02919,2.37938,0.0879748
2.26709,-7.15842,3.12182,0.92495,2.29173,0.114915
2.33361,-6.93594,3.16159,0.628808,1.91692,0.329889
2.39214,-6.76913,3.2118,0.312138,1.38877,0.606791
2.50118,-6.64982,3.28056,0.286854,1.16216,1.01905
2.54787,-6.58065,3.41774,0.119271,0.766325,1.507
2.61213,-6.50742,3.56655,-0.0426332,0.434848,1.84773
2.62211,-6.4351,3.82006,-0.0744665,0.329061,2.4303
2.58955,-6.43172,4.11016,-0.165864,0.159699,2.83544
2.62252,-6.36806,4.41772,-0.224555,0.067263,2.9239
2.71247,-6.31197,4.72686,-0.147898,0.0609389,3.32463
2.74917,-6.25513,5.02939,-0.176565,-0.0449668,3.38999
2.72866,-6.21367,5.35224,-0.258072,-0.131811,3.11782
2.74219,-6.21433,5.6081,-0.223784,-0.140003,3.21127
2.75142,-6.21297,5.90073,-0.210855,-0.139601,2.99024
2.81575,-6.1867,6.16194,-0.230321,-0.193394,2.54864
2.82507,-6.17123,6.44163,-0.217447,-0.201302,2.4608
2.84636,-6.13987,6.65058,-0.197576,-0.153671,1.83623
2.84898,-6.11147,6.81437,-0.157392,-0.108604,1.56712
2.79629,-6.11604,6.9247,-0.227847,-0.169571,1.23407
2.79178,-6.13978,7.01535,-0.225437,-0.14165,0.809595
2.82204,-6.14842,7.09904,-0.137755,-0.0217097,0.560937
2.82026,-6.16782,7.18821,-0.0897029,0.132093,0.256408
2.81337,-6.10591,7.22098,-0.106439,0.225102,0.0467489
2.84506,-6.07437,7.1851,-0.0101064,0.530231,-0.0978806
2.83266,-5.9975,7.16977,0.0632412,0.985017,-0.141409
2.87657,-5.83426,7.21905,0.136532,1.38874,-0.0615074
2.83763,-5.71603,7.29017,0.148345,1.74351,0.0840127
2.86813,-5.48994,7.30621,0.212807,2.1496,0.105264
2.85088,-5.26013,7.32777,0.200896,2.33186,0.0851205
2.96916,-5.02759,7.34682,0.363914,2.85414,0.0809917
2.96864,-4.68529,7.39666,0.249922,2.76835,0.0812201
2.96459,-4.38679,7.3837,0.261492,3.25696,0.0227084
2.9902,-3.97832,7.41972,0.203656,3.5624,0.0147129
2.98293,-3.6591,7.42367,0.019638,3.4235,0.0217925
2.96303,-3.35809,7.45399,-0.1897,3.73266,0.0537338
2.97162,-2.99971,7.44478,-0.449864,3.85206,0.0468758
2.90103,-2.59236,7.46065,-0.756205,3.67943,0.0577749
2.80627,-2.19453,7.46143,-1.17172,4.14095,0.0682378
2.70977,-1.84045,7.4866,-1.42732,3.7869,0.101277
2.57341,-1.45769,7.54193,-1.9457,4.21213,0.110857
2.36344,-1.0426,7.55624,-2.40145,4.29409,0.0671311
2.07899,-0.628468,7.57854,-2.63638,3.99855,0.0473568
1.8438,-0.230692,7.62685,-3.1385,4.39086,0.097281
1.55998,0.20559,7.66967,-3.45552,4.47372,0.0950584
1.19362,0.675913,7.70264,-3.49405,4.1785,0.0680766
0.842775,1.09481,7.67706,-4.01345,4.60326,-0.0147391
0.415826,1.5821,7.72482,-4.28503,4.53282,0.0462332
-0.0150086,2.00201,7.72169,-4.12932,4.02398,0.0388088
-0.431886,2.39089,7.75789,-4.60621,4.21524,0.0512718
-0.913497,2.79387,7.82467,-4.39118,3.59967,0.100523
-1.36674,3.18246,7.83156,-4.92145,3.7063,0.11547
-1.8879,3.58412,7.88968,-4.96963,3.37607,0.132642
-2.33583,3.90493,7.90667,-4.52166,2.7207,0.134535
-2.82799,4.18535,7.93376,-4.81708,2.64431,0.123063
-3.30494,4.46457,7.91535,-4.45008,2.08273,0.133296
-3.73468,4.65155,7.92051,-4.54978,1.8954,0.117133
-4.13043,4.81921,7.94885,-4.20156,1.43236,0.138178
-4.52054,4.97484,7.9538,-3.57398,0.849905,0.165896
-4.85515,5.12292,7.97956,-3.76263,0.573725,0.222996
-5.2787,5.18264,8.04515,-3.38469,0.031277,0.282216
-5.5806,5.1814,8.06363,-2.71738,-0.498998,0.277279
-5.93437,5.14241,8.07514,-2.62018,-0.935136,0.277119
-6.18496,5.07113,8.06513,-2.38157,-1.32049,0.231322
-6.42744,4.98763,8.08152,-1.71836,-1.5834,0.217517
-6.58911,4.87096,8.11063,-1.4231,-1.98488,0.220057
-6.68726,4.7091,8.13845,-0.934653,-2.17141,0.198301
-6.79622,4.48057,8.18916,-0.891991,-2.67946,0.211525
-6.85921,4.26693,8.22567,-0.483337,-2.94418,0.210811
-6.94249,3.96909,8.23259,-0.132381,-3.01015,0.182513
-6.94258,3.71767,8.24239,0.0991155,-3.46058,0.162071
-6.99728,3.37545,8.23833,0.207941,-3.7619,0.115137
-7.00741,3.04743,8.23982,0.460659,-3.66653,0.118766
-7.01372,2.70857,8.27283,0.707899,-4.13026,0.137468
-6.96601,2.28335,8.25042,0.905392,-4.35984,0.100514
-6.8927,1.90327,8.24831,0.944022,-4.22354,0.0652931
-6.75342,1.54082,8.29594,1.27302,-4.67906,0.0949529
-6.67031,1.09889,8.37668,1.46007,-4.82193,0.156002
-6.59802,0.686143,8.40051,1.45954,-4.56255,0.178916
-6.46319,0.22083,8.45658,1.6795,-5.14883,0.191066
-6.29986,-0.320204,8.45759,1.82295,-5.2378,0.113983
-6.15425,-0.796227,8.45182,1.71456,-4.77062,0.0850355
-5.98887,-1.25753,8.48861,1.83026,-5.0702,0.105831
-5.89493,-1.72838,8.46447,1.55221,-4.4556,0.089257
-5.76336,-2.14128,8.47806,1.57884,-4.35965,0.0669006
-5.63272,-2.53175,8.48174,1.43705,-3.77791,0.072222
-5.49495,-2.8634,8.42143,1.32766,-3.30052,0.0279707
-5.43969,-3.22348,8.47132,1.05973,-2.68068,0.0679201
-5.37432,-3.47801,8.41185,0.96311,-2.3798,0.044941
-5.33232,-3.66393,8.38452,0.673533,-1.71828,-0.00864848
-5.22913,-3.89482,8.34726,0.657445,-1.69825,-0.225296
-5.17793,-4.11334,8.25599,0.548229,-1.56429,-0.579888
-5.13807,-4.29261,8.20097,0.360268,-1.19726,-0.849402
-5.13611,-4.38143,8.13082,0.282496,-1.07904,-1.17583
-5.11967,-4.50126,7.97321,0.181162,-0.905797,-1.30323
-5.13015,-4.60827,7.87552,0.0420459,-0.657987,-1.13014
-5.14586,-4.7004,7.72651,-0.0313947,-0.569837,-1.14103
-5.20214,-4.78964,7.61874,-0.167791,-0.365977,-0.972066
-5.21165,-4.87341,7.55905,-0.198306,-0.336769,-1.01454
-5.19919,-4.93264,7.5214,-0.226505,-0.231602,-0.962259
-5.20833,-4.95399,7.47829,-0.272792,-0.0792931,-0.822279
-5.21224,-4.95104,7.40155,-0.287482,-0.01464,-0.895773
-5.21382,-5.00351,7.35653,-0.285053,0.0415133,-0.866402
-5.27028,-5.07404,7.26066,-0.323065,0.0757833,-0.783208
-5.2891,-5.11271,7.16149,-0.332864,0.0671769,-0.871435
-5.33045,-5.1843,7.03306,-0.353179,0.0396385,-0.823804
-5.32397,-5.25672,6.98244,-0.320155,0.0617216,-0.562582
-5.34327,-5.24369,6.91529,-0.304894,0.082679,-0.301715
-5.35855,-5.24981,6.9421,-0.292809,0.0623813,0.203248
-5.39872,-5.20923,7.00518,-0.300369,0.0720769,0.50963
-5.41356,-5.23023,7.01761,-0.289576,0.100891,0.502514
-5.41872,-5.23308,7.07827,-0.272058,0.106289,0.421113
-5.44513,-5.22843,7.0808,-0.270972,0.0916525,0.296614
-5.51353,-5.28149,7.13532,-0.299764,0.0417471,0.259493
-5.51118,-5.33132,7.12887,-0.263722,0.0270783,0.220196